0 11
0 19
0 26
0 31
0 37
0 38
0 40
0 49
0 52
0 54
0 56
0 64
0 65
0 68
0 70
0 74
0 79
0 86
0 89
0 94
0 101
0 102
0 106
0 115
0 117
0 131
0 133
0 137
0 138
0 142
0 147
0 152
0 154
1 3
1 4
1 6
1 7
1 9
1 10
1 11
1 13
1 14
1 15
1 17
1 18
1 19
1 20
1 21
1 23
1 24
1 26
1 30
1 31
1 32
1 33
1 34
1 35
1 37
1 38
1 39
1 40
1 43
1 44
1 45
1 48
1 49
1 50
1 51
1 52
1 54
1 56
1 57
1 58
1 62
1 63
1 64
1 65
1 66
1 67
1 68
1 69
1 70
1 71
1 72
1 73
1 74
1 75
1 77
1 79
1 81
1 83
1 84
1 87
1 88
1 89
1 93
1 94
1 95
1 97
1 99
1 101
1 102
1 103
1 105
1 106
1 107
1 108
1 109
1 111
1 112
1 113
1 114
1 115
1 117
1 118
1 120
1 125
1 129
1 131
1 133
1 134
1 135
1 137
1 138
1 139
1 142
1 145
1 146
1 147
1 149
1 150
1 151
1 152
1 154
1 155
1 156
1 157
1 160
1 161
2 6
2 19
2 26
2 31
2 54
2 64
2 65
2 70
2 74
2 89
2 93
2 101
2 102
2 115
2 125
2 133
2 134
2 137
2 138
2 142
2 147
2 152
2 154
3 6
3 19
3 26
3 31
3 32
3 37
3 38
3 40
3 49
3 54
3 64
3 65
3 67
3 70
3 74
3 79
3 89
3 94
3 97
3 101
3 102
3 106
3 115
3 117
3 125
3 129
3 131
3 133
3 137
3 138
3 142
3 145
3 146
3 147
3 152
3 154
4 5
4 6
4 9
4 11
4 12
4 15
4 16
4 18
4 19
4 20
4 21
4 23
4 25
4 26
4 28
4 30
4 31
4 32
4 34
4 35
4 36
4 37
4 38
4 40
4 42
4 43
4 44
4 45
4 49
4 51
4 52
4 54
4 56
4 57
4 58
4 61
4 64
4 65
4 66
4 67
4 68
4 69
4 70
4 71
4 72
4 73
4 74
4 77
4 79
4 81
4 82
4 83
4 86
4 87
4 89
4 91
4 93
4 94
4 97
4 98
4 99
4 100
4 101
4 102
4 103
4 105
4 106
4 107
4 109
4 111
4 112
4 113
4 114
4 115
4 117
4 118
4 119
4 121
4 122
4 125
4 129
4 130
4 131
4 133
4 134
4 135
4 136
4 137
4 138
4 139
4 141
4 142
4 146
4 147
4 148
4 151
4 152
4 153
4 154
4 157
4 158
4 160
4 161
5 6
5 31
5 40
5 49
5 54
5 56
5 65
5 68
5 70
5 74
5 89
5 97
5 101
5 131
5 133
5 137
5 138
5 142
5 152
5 154
6 7
6 8
6 9
6 10
6 11
6 12
6 13
6 14
6 15
6 17
6 18
6 19
6 20
6 21
6 22
6 23
6 26
6 28
6 29
6 30
6 31
6 32
6 33
6 34
6 35
6 36
6 37
6 38
6 40
6 41
6 42
6 43
6 44
6 45
6 46
6 49
6 50
6 51
6 52
6 53
6 54
6 56
6 57
6 58
6 59
6 60
6 61
6 62
6 63
6 64
6 65
6 66
6 67
6 68
6 69
6 70
6 71
6 72
6 73
6 74
6 75
6 76
6 77
6 78
6 79
6 80
6 82
6 83
6 84
6 85
6 86
6 87
6 89
6 91
6 92
6 93
6 94
6 95
6 96
6 97
6 98
6 99
6 100
6 101
6 102
6 103
6 104
6 105
6 106
6 107
6 108
6 109
6 111
6 112
6 113
6 114
6 115
6 117
6 118
6 119
6 120
6 121
6 122
6 124
6 125
6 126
6 128
6 129
6 130
6 131
6 133
6 134
6 135
6 136
6 137
6 138
6 139
6 140
6 141
6 142
6 143
6 144
6 145
6 146
6 147
6 149
6 150
6 151
6 152
6 153
6 154
6 155
6 156
6 157
6 158
6 159
6 160
6 161
7 9
7 11
7 14
7 15
7 18
7 19
7 20
7 26
7 30
7 31
7 32
7 34
7 37
7 38
7 40
7 42
7 43
7 44
7 49
7 51
7 54
7 56
7 58
7 64
7 65
7 66
7 67
7 68
7 70
7 73
7 74
7 79
7 84
7 87
7 89
7 94
7 97
7 101
7 102
7 103
7 106
7 107
7 110
7 111
7 115
7 117
7 125
7 129
7 131
7 133
7 134
7 137
7 138
7 139
7 142
7 145
7 146
7 147
7 151
7 152
7 154
7 156
8 18
8 26
8 31
8 37
8 40
8 49
8 54
8 56
8 64
8 65
8 73
8 74
8 89
8 101
8 102
8 115
8 125
8 131
8 133
8 137
8 138
8 142
8 151
8 152
8 154
9 18
9 19
9 26
9 30
9 31
9 32
9 37
9 38
9 40
9 49
9 52
9 54
9 56
9 57
9 64
9 65
9 67
9 68
9 70
9 73
9 74
9 79
9 87
9 89
9 93
9 94
9 97
9 101
9 102
9 111
9 113
9 115
9 117
9 131
9 133
9 134
9 137
9 138
9 142
9 146
9 147
9 152
9 154
9 158
10 11
10 15
10 18
10 19
10 31
10 32
10 37
10 38
10 40
10 44
10 49
10 52
10 54
10 56
10 64
10 65
10 66
10 67
10 70
10 73
10 74
10 79
10 89
10 93
10 94
10 101
10 106
10 107
10 113
10 115
10 117
10 121
10 125
10 129
10 131
10 133
10 134
10 137
10 138
10 142
10 145
10 147
10 151
10 152
10 154
10 161
11 13
11 15
11 16
11 18
11 19
11 21
11 23
11 25
11 26
11 28
11 30
11 31
11 32
11 34
11 36
11 37
11 38
11 39
11 40
11 41
11 42
11 43
11 44
11 45
11 46
11 49
11 51
11 52
11 54
11 56
11 57
11 58
11 64
11 65
11 66
11 67
11 68
11 69
11 70
11 71
11 72
11 73
11 74
11 77
11 79
11 80
11 87
11 89
11 91
11 92
11 93
11 94
11 97
11 100
11 101
11 102
11 103
11 105
11 106
11 107
11 108
11 109
11 111
11 114
11 115
11 117
11 120
11 121
11 122
11 123
11 125
11 129
11 131
11 133
11 134
11 137
11 138
11 139
11 141
11 142
11 145
11 146
11 147
11 151
11 152
11 153
11 154
11 158
12 18
12 19
12 20
12 26
12 30
12 32
12 37
12 38
12 40
12 49
12 54
12 56
12 63
12 64
12 65
12 67
12 68
12 70
12 73
12 74
12 79
12 87
12 89
12 97
12 101
12 102
12 106
12 112
12 115
12 118
12 125
12 129
12 131
12 133
12 134
12 137
12 138
12 142
12 147
12 152
12 154
13 18
13 31
13 32
13 38
13 40
13 44
13 45
13 49
13 51
13 54
13 56
13 64
13 67
13 70
13 74
13 79
13 89
13 101
13 102
13 103
13 106
13 115
13 117
13 125
13 129
13 131
13 133
13 134
13 137
13 138
13 147
13 152
13 154
14 15
14 18
14 19
14 21
14 23
14 26
14 30
14 31
14 32
14 37
14 38
14 40
14 43
14 44
14 45
14 49
14 52
14 54
14 56
14 57
14 58
14 64
14 65
14 66
14 67
14 68
14 69
14 70
14 71
14 73
14 74
14 75
14 79
14 87
14 89
14 93
14 94
14 97
14 101
14 102
14 103
14 105
14 106
14 107
14 108
14 115
14 117
14 125
14 129
14 131
14 133
14 134
14 135
14 137
14 138
14 142
14 146
14 147
14 151
14 152
14 154
14 158
15 18
15 19
15 20
15 23
15 26
15 28
15 30
15 31
15 32
15 37
15 38
15 40
15 44
15 49
15 52
15 54
15 56
15 64
15 65
15 66
15 67
15 68
15 69
15 70
15 71
15 72
15 73
15 74
15 79
15 80
15 87
15 89
15 93
15 94
15 97
15 101
15 102
15 106
15 107
15 111
15 112
15 115
15 117
15 120
15 121
15 125
15 129
15 131
15 133
15 134
15 137
15 138
15 142
15 145
15 146
15 147
15 151
15 152
15 154
15 155
16 26
16 30
16 31
16 32
16 37
16 38
16 40
16 54
16 56
16 64
16 65
16 66
16 67
16 74
16 75
16 79
16 89
16 94
16 97
16 101
16 115
16 125
16 131
16 133
16 137
16 138
16 142
16 147
16 151
16 152
16 154
17 21
17 26
17 30
17 31
17 32
17 38
17 40
17 42
17 45
17 49
17 51
17 52
17 54
17 56
17 64
17 65
17 67
17 68
17 69
17 70
17 74
17 101
17 102
17 106
17 113
17 115
17 125
17 129
17 131
17 133
17 137
17 138
17 142
17 147
17 152
17 154
18 19
18 20
18 21
18 23
18 25
18 26
18 28
18 30
18 31
18 32
18 33
18 34
18 35
18 37
18 38
18 40
18 42
18 43
18 44
18 45
18 49
18 51
18 54
18 55
18 56
18 58
18 62
18 64
18 65
18 66
18 67
18 68
18 69
18 70
18 73
18 74
18 75
18 77
18 79
18 80
18 82
18 84
18 87
18 88
18 89
18 91
18 92
18 93
18 94
18 96
18 97
18 98
18 100
18 101
18 102
18 103
18 106
18 107
18 108
18 109
18 111
18 113
18 114
18 115
18 117
18 118
18 120
18 122
18 125
18 129
18 131
18 133
18 134
18 135
18 137
18 138
18 141
18 142
18 145
18 146
18 147
18 151
18 152
18 153
18 154
18 155
18 156
18 157
18 158
18 159
18 160
19 21
19 22
19 23
19 24
19 25
19 26
19 28
19 30
19 31
19 32
19 33
19 34
19 35
19 36
19 37
19 38
19 39
19 40
19 42
19 43
19 44
19 45
19 48
19 49
19 50
19 51
19 52
19 54
19 55
19 56
19 57
19 58
19 62
19 63
19 64
19 65
19 66
19 67
19 68
19 69
19 70
19 71
19 72
19 73
19 74
19 76
19 77
19 79
19 80
19 82
19 84
19 86
19 87
19 89
19 91
19 93
19 94
19 95
19 96
19 97
19 98
19 99
19 101
19 102
19 103
19 104
19 105
19 106
19 107
19 108
19 109
19 110
19 111
19 114
19 115
19 116
19 117
19 118
19 119
19 120
19 121
19 122
19 125
19 126
19 128
19 129
19 131
19 133
19 134
19 135
19 136
19 137
19 138
19 139
19 142
19 145
19 146
19 147
19 150
19 151
19 152
19 153
19 154
19 155
19 156
19 157
19 158
19 161
20 23
20 24
20 26
20 28
20 30
20 31
20 32
20 34
20 35
20 36
20 37
20 38
20 40
20 43
20 45
20 49
20 51
20 52
20 54
20 56
20 57
20 58
20 64
20 65
20 66
20 67
20 68
20 70
20 72
20 73
20 74
20 79
20 83
20 89
20 93
20 94
20 97
20 99
20 101
20 102
20 103
20 106
20 107
20 111
20 112
20 115
20 117
20 118
20 120
20 121
20 122
20 125
20 129
20 131
20 133
20 134
20 136
20 137
20 138
20 142
20 146
20 147
20 151
20 152
20 154
20 157
20 158
20 160
21 22
21 23
21 26
21 30
21 31
21 32
21 34
21 35
21 37
21 40
21 41
21 42
21 49
21 51
21 54
21 56
21 64
21 65
21 68
21 70
21 73
21 74
21 79
21 87
21 89
21 94
21 97
21 100
21 101
21 102
21 106
21 113
21 114
21 115
21 117
21 125
21 129
21 131
21 133
21 134
21 137
21 138
21 139
21 142
21 147
21 151
21 152
21 153
21 154
21 157
21 158
21 161
22 26
22 31
22 32
22 40
22 44
22 49
22 54
22 56
22 58
22 67
22 74
22 79
22 89
22 101
22 102
22 125
22 129
22 131
22 133
22 138
22 142
22 147
22 152
22 154
23 25
23 26
23 28
23 30
23 31
23 32
23 34
23 37
23 38
23 40
23 42
23 45
23 46
23 49
23 51
23 52
23 54
23 56
23 57
23 58
23 64
23 65
23 66
23 67
23 68
23 69
23 70
23 73
23 74
23 75
23 79
23 87
23 89
23 90
23 93
23 94
23 97
23 101
23 102
23 103
23 106
23 107
23 113
23 114
23 115
23 116
23 117
23 120
23 121
23 122
23 125
23 126
23 129
23 130
23 131
23 133
23 134
23 135
23 137
23 138
23 139
23 141
23 142
23 146
23 147
23 149
23 151
23 152
23 154
23 157
23 160
23 161
24 26
24 30
24 31
24 32
24 37
24 38
24 40
24 49
24 54
24 64
24 65
24 66
24 68
24 74
24 79
24 94
24 101
24 102
24 115
24 125
24 133
24 137
24 138
24 146
24 147
24 151
24 152
24 154
25 26
25 28
25 30
25 31
25 32
25 34
25 37
25 38
25 40
25 49
25 52
25 54
25 56
25 63
25 64
25 65
25 67
25 68
25 70
25 73
25 74
25 77
25 79
25 87
25 89
25 94
25 97
25 98
25 101
25 102
25 106
25 107
25 115
25 125
25 129
25 131
25 133
25 134
25 137
25 138
25 142
25 146
25 147
25 152
25 154
25 161
26 28
26 29
26 30
26 31
26 32
26 33
26 34
26 35
26 36
26 37
26 38
26 39
26 40
26 41
26 42
26 43
26 44
26 45
26 46
26 49
26 50
26 51
26 52
26 53
26 54
26 55
26 56
26 57
26 58
26 59
26 60
26 61
26 62
26 63
26 64
26 65
26 66
26 67
26 68
26 69
26 70
26 71
26 72
26 73
26 74
26 75
26 76
26 77
26 78
26 79
26 80
26 81
26 82
26 84
26 85
26 86
26 87
26 88
26 89
26 90
26 91
26 93
26 94
26 95
26 96
26 97
26 98
26 99
26 100
26 101
26 102
26 103
26 104
26 105
26 106
26 107
26 108
26 109
26 110
26 111
26 112
26 113
26 114
26 115
26 116
26 117
26 118
26 120
26 121
26 122
26 123
26 124
26 125
26 126
26 127
26 128
26 129
26 130
26 131
26 132
26 133
26 134
26 135
26 136
26 137
26 138
26 139
26 140
26 141
26 142
26 145
26 146
26 147
26 148
26 149
26 150
26 151
26 152
26 153
26 154
26 155
26 156
26 157
26 158
26 159
26 160
26 161
27 37
27 40
27 54
27 70
27 74
27 79
27 97
27 101
27 102
27 115
27 131
27 137
27 138
27 142
27 152
27 154
28 30
28 31
28 32
28 34
28 37
28 38
28 40
28 42
28 44
28 49
28 52
28 54
28 56
28 57
28 64
28 65
28 66
28 67
28 68
28 69
28 70
28 72
28 73
28 74
28 79
28 80
28 89
28 94
28 97
28 101
28 102
28 103
28 106
28 108
28 114
28 115
28 117
28 118
28 120
28 121
28 122
28 125
28 131
28 134
28 135
28 137
28 138
28 139
28 142
28 146
28 147
28 151
28 152
28 154
28 161
29 32
29 40
29 49
29 54
29 56
29 64
29 65
29 66
29 67
29 74
29 79
29 87
29 89
29 101
29 102
29 106
29 115
29 133
29 137
29 138
29 142
29 147
29 152
29 154
30 31
30 32
30 33
30 34
30 35
30 36
30 37
30 38
30 39
30 40
30 42
30 43
30 44
30 45
30 46
30 47
30 49
30 51
30 52
30 54
30 56
30 58
30 59
30 61
30 64
30 65
30 66
30 67
30 68
30 69
30 70
30 71
30 72
30 73
30 74
30 75
30 76
30 77
30 79
30 81
30 83
30 84
30 85
30 87
30 88
30 89
30 93
30 94
30 97
30 99
30 100
30 101
30 102
30 103
30 105
30 106
30 107
30 108
30 109
30 111
30 112
30 113
30 114
30 115
30 117
30 118
30 120
30 121
30 122
30 125
30 126
30 129
30 130
30 131
30 133
30 134
30 135
30 136
30 137
30 138
30 139
30 140
30 142
30 143
30 145
30 146
30 147
30 149
30 150
30 151
30 152
30 154
30 156
30 157
30 158
30 159
30 160
30 161
31 32
31 33
31 34
31 35
31 36
31 37
31 38
31 39
31 40
31 41
31 42
31 43
31 44
31 45
31 46
31 47
31 48
31 49
31 50
31 51
31 52
31 54
31 55
31 56
31 57
31 58
31 59
31 61
31 63
31 64
31 65
31 66
31 67
31 68
31 70
31 71
31 72
31 73
31 74
31 75
31 77
31 79
31 80
31 81
31 82
31 83
31 84
31 85
31 86
31 87
31 88
31 89
31 91
31 92
31 93
31 94
31 95
31 96
31 97
31 98
31 99
31 100
31 101
31 102
31 103
31 104
31 106
31 107
31 108
31 109
31 110
31 111
31 112
31 113
31 114
31 115
31 116
31 117
31 118
31 119
31 120
31 121
31 122
31 124
31 125
31 126
31 127
31 128
31 129
31 130
31 131
31 132
31 133
31 134
31 135
31 137
31 138
31 139
31 140
31 141
31 142
31 143
31 144
31 145
31 146
31 147
31 148
31 149
31 150
31 151
31 152
31 153
31 154
31 155
31 156
31 157
31 158
31 160
31 161
32 33
32 34
32 35
32 36
32 37
32 38
32 39
32 40
32 42
32 43
32 44
32 45
32 46
32 48
32 49
32 50
32 51
32 52
32 54
32 55
32 56
32 57
32 58
32 59
32 61
32 62
32 63
32 64
32 65
32 66
32 67
32 68
32 69
32 70
32 71
32 72
32 73
32 74
32 75
32 76
32 77
32 79
32 80
32 82
32 84
32 87
32 88
32 89
32 90
32 91
32 92
32 93
32 94
32 95
32 97
32 98
32 99
32 100
32 101
32 102
32 103
32 105
32 106
32 107
32 108
32 109
32 111
32 112
32 113
32 114
32 115
32 116
32 117
32 118
32 120
32 121
32 122
32 123
32 125
32 126
32 127
32 128
32 129
32 130
32 131
32 133
32 134
32 135
32 137
32 138
32 139
32 141
32 142
32 143
32 145
32 146
32 147
32 148
32 149
32 150
32 151
32 152
32 153
32 154
32 155
32 157
32 158
32 159
32 160
32 161
33 38
33 40
33 49
33 52
33 54
33 56
33 64
33 65
33 67
33 68
33 70
33 74
33 89
33 94
33 97
33 101
33 102
33 125
33 131
33 133
33 137
33 138
33 147
33 152
33 154
34 35
34 37
34 38
34 39
34 40
34 42
34 44
34 49
34 52
34 54
34 56
34 57
34 58
34 63
34 64
34 65
34 66
34 67
34 68
34 69
34 70
34 73
34 74
34 75
34 77
34 79
34 80
34 87
34 89
34 91
34 93
34 94
34 97
34 101
34 102
34 106
34 107
34 108
34 109
34 111
34 112
34 114
34 115
34 116
34 117
34 120
34 121
34 122
34 125
34 129
34 131
34 133
34 134
34 135
34 137
34 138
34 139
34 141
34 142
34 146
34 147
34 152
34 154
34 156
34 159
35 37
35 38
35 40
35 42
35 44
35 46
35 49
35 54
35 56
35 58
35 59
35 63
35 65
35 67
35 68
35 70
35 73
35 74
35 79
35 87
35 89
35 93
35 94
35 97
35 101
35 102
35 106
35 107
35 115
35 117
35 121
35 122
35 125
35 129
35 131
35 133
35 134
35 135
35 137
35 138
35 139
35 142
35 145
35 146
35 147
35 151
35 152
35 154
36 37
36 38
36 40
36 46
36 49
36 54
36 56
36 64
36 65
36 67
36 68
36 69
36 70
36 73
36 74
36 79
36 84
36 89
36 93
36 97
36 101
36 102
36 106
36 107
36 113
36 115
36 117
36 118
36 125
36 129
36 131
36 133
36 134
36 137
36 138
36 142
36 146
36 147
36 151
36 152
36 154
36 158
37 38
37 39
37 40
37 42
37 43
37 44
37 45
37 46
37 48
37 49
37 50
37 51
37 52
37 53
37 54
37 55
37 56
37 57
37 58
37 59
37 62
37 63
37 64
37 65
37 66
37 67
37 68
37 69
37 70
37 71
37 72
37 73
37 74
37 75
37 79
37 80
37 81
37 83
37 84
37 85
37 87
37 88
37 89
37 90
37 91
37 93
37 94
37 97
37 98
37 99
37 100
37 101
37 102
37 103
37 104
37 106
37 107
37 108
37 109
37 110
37 111
37 112
37 113
37 115
37 117
37 118
37 119
37 120
37 121
37 122
37 125
37 126
37 128
37 129
37 130
37 131
37 133
37 134
37 135
37 136
37 137
37 138
37 139
37 140
37 142
37 143
37 145
37 146
37 147
37 148
37 150
37 151
37 152
37 153
37 154
37 156
37 157
37 158
37 159
37 161
38 39
38 40
38 42
38 43
38 44
38 45
38 46
38 48
38 49
38 50
38 51
38 52
38 53
38 54
38 55
38 56
38 57
38 58
38 61
38 62
38 63
38 64
38 65
38 66
38 67
38 68
38 69
38 70
38 72
38 73
38 74
38 75
38 77
38 79
38 81
38 85
38 86
38 87
38 88
38 89
38 90
38 91
38 93
38 94
38 97
38 101
38 102
38 103
38 104
38 105
38 106
38 107
38 108
38 109
38 111
38 112
38 113
38 115
38 117
38 118
38 120
38 121
38 122
38 125
38 126
38 129
38 131
38 132
38 133
38 134
38 136
38 137
38 138
38 139
38 140
38 141
38 142
38 145
38 146
38 147
38 148
38 149
38 150
38 151
38 152
38 153
38 154
38 155
38 156
38 157
38 158
38 159
38 161
39 40
39 52
39 54
39 56
39 64
39 67
39 68
39 70
39 73
39 74
39 79
39 87
39 89
39 93
39 94
39 101
39 106
39 108
39 112
39 115
39 125
39 129
39 131
39 133
39 134
39 137
39 138
39 142
39 147
39 152
39 154
40 41
40 42
40 43
40 44
40 45
40 46
40 47
40 48
40 49
40 51
40 52
40 53
40 54
40 55
40 56
40 57
40 58
40 59
40 61
40 62
40 63
40 64
40 65
40 66
40 67
40 68
40 69
40 70
40 71
40 72
40 73
40 74
40 75
40 76
40 77
40 78
40 79
40 80
40 81
40 82
40 83
40 84
40 86
40 87
40 88
40 89
40 90
40 91
40 93
40 94
40 95
40 97
40 98
40 99
40 100
40 101
40 102
40 103
40 104
40 105
40 106
40 107
40 108
40 109
40 110
40 111
40 112
40 113
40 114
40 115
40 116
40 117
40 118
40 119
40 120
40 121
40 122
40 123
40 124
40 125
40 126
40 128
40 129
40 130
40 131
40 132
40 133
40 134
40 135
40 136
40 137
40 138
40 139
40 140
40 141
40 142
40 143
40 144
40 145
40 146
40 147
40 148
40 149
40 150
40 151
40 152
40 153
40 154
40 155
40 156
40 157
40 158
40 159
40 160
40 161
41 49
41 54
41 56
41 64
41 65
41 68
41 74
41 94
41 97
41 101
41 106
41 115
41 121
41 125
41 133
41 137
41 138
41 142
41 152
41 154
42 43
42 44
42 49
42 50
42 52
42 54
42 56
42 57
42 58
42 64
42 65
42 66
42 67
42 68
42 70
42 72
42 73
42 74
42 79
42 87
42 89
42 91
42 93
42 94
42 97
42 101
42 102
42 103
42 106
42 108
42 111
42 115
42 117
42 118
42 120
42 121
42 122
42 125
42 129
42 131
42 133
42 134
42 137
42 138
42 142
42 145
42 146
42 147
42 151
42 152
42 154
42 156
42 157
43 49
43 54
43 56
43 58
43 64
43 65
43 66
43 67
43 68
43 70
43 71
43 73
43 74
43 79
43 89
43 94
43 97
43 101
43 102
43 103
43 106
43 113
43 115
43 125
43 129
43 131
43 133
43 137
43 138
43 142
43 145
43 146
43 152
43 154
44 46
44 48
44 49
44 51
44 52
44 54
44 56
44 57
44 58
44 59
44 61
44 62
44 64
44 65
44 66
44 67
44 68
44 69
44 70
44 73
44 74
44 75
44 77
44 79
44 87
44 89
44 91
44 93
44 94
44 97
44 100
44 101
44 102
44 103
44 105
44 106
44 108
44 109
44 111
44 112
44 114
44 115
44 117
44 120
44 121
44 125
44 128
44 129
44 131
44 133
44 134
44 137
44 138
44 142
44 145
44 146
44 147
44 151
44 152
44 154
44 156
44 158
44 159
45 48
45 49
45 52
45 54
45 56
45 58
45 64
45 65
45 66
45 67
45 68
45 69
45 70
45 71
45 73
45 74
45 87
45 89
45 93
45 94
45 97
45 101
45 102
45 106
45 107
45 109
45 114
45 115
45 117
45 125
45 129
45 130
45 131
45 133
45 134
45 137
45 138
45 142
45 145
45 147
45 152
45 153
45 154
46 49
46 54
46 56
46 64
46 65
46 66
46 67
46 68
46 70
46 72
46 73
46 74
46 77
46 79
46 89
46 93
46 94
46 97
46 101
46 102
46 106
46 107
46 111
46 115
46 117
46 121
46 125
46 129
46 131
46 133
46 137
46 138
46 139
46 142
46 146
46 147
46 151
46 152
46 154
47 49
47 54
47 65
47 74
47 101
47 133
47 138
47 154
48 49
48 54
48 56
48 64
48 65
48 67
48 70
48 74
48 101
48 106
48 115
48 117
48 125
48 129
48 133
48 137
48 138
48 142
48 152
48 154
49 50
49 51
49 52
49 53
49 54
49 55
49 56
49 57
49 58
49 59
49 60
49 61
49 62
49 63
49 64
49 65
49 66
49 67
49 68
49 69
49 70
49 71
49 72
49 73
49 74
49 75
49 76
49 77
49 79
49 83
49 85
49 87
49 88
49 89
49 90
49 91
49 92
49 93
49 94
49 95
49 96
49 97
49 98
49 99
49 100
49 101
49 102
49 103
49 104
49 105
49 106
49 107
49 108
49 109
49 110
49 111
49 112
49 113
49 114
49 115
49 116
49 117
49 118
49 120
49 121
49 122
49 123
49 124
49 125
49 127
49 129
49 130
49 131
49 133
49 134
49 135
49 136
49 137
49 138
49 139
49 140
49 141
49 142
49 143
49 144
49 145
49 146
49 147
49 148
49 149
49 150
49 151
49 152
49 153
49 154
49 155
49 156
49 157
49 158
49 159
49 160
49 161
50 54
50 56
50 64
50 65
50 66
50 67
50 70
50 73
50 74
50 79
50 89
50 94
50 101
50 106
50 107
50 114
50 115
50 117
50 131
50 133
50 134
50 137
50 138
50 142
50 146
50 147
50 152
50 154
50 157
51 54
51 56
51 58
51 63
51 64
51 65
51 66
51 67
51 68
51 70
51 73
51 74
51 77
51 79
51 86
51 87
51 89
51 93
51 94
51 97
51 99
51 101
51 102
51 103
51 105
51 106
51 107
51 109
51 111
51 112
51 113
51 114
51 115
51 116
51 117
51 118
51 120
51 121
51 125
51 126
51 129
51 131
51 133
51 134
51 137
51 138
51 142
51 145
51 146
51 147
51 151
51 152
51 154
51 157
52 54
52 56
52 57
52 58
52 59
52 64
52 65
52 66
52 67
52 68
52 69
52 70
52 71
52 72
52 73
52 74
52 79
52 80
52 84
52 85
52 87
52 89
52 90
52 91
52 93
52 94
52 97
52 98
52 99
52 101
52 102
52 104
52 105
52 106
52 107
52 109
52 111
52 112
52 113
52 114
52 115
52 117
52 118
52 120
52 121
52 122
52 125
52 126
52 129
52 131
52 133
52 134
52 135
52 137
52 138
52 142
52 145
52 146
52 147
52 151
52 152
52 153
52 154
52 158
52 159
53 54
53 56
53 57
53 58
53 64
53 65
53 66
53 67
53 70
53 74
53 79
53 89
53 94
53 101
53 115
53 117
53 125
53 129
53 131
53 133
53 137
53 138
53 142
53 147
53 152
53 154
54 55
54 56
54 57
54 58
54 59
54 60
54 61
54 62
54 63
54 64
54 65
54 66
54 67
54 68
54 69
54 70
54 71
54 72
54 73
54 74
54 75
54 76
54 77
54 78
54 79
54 80
54 81
54 82
54 83
54 84
54 85
54 86
54 87
54 88
54 89
54 90
54 91
54 92
54 93
54 94
54 95
54 96
54 97
54 98
54 99
54 100
54 101
54 102
54 103
54 104
54 105
54 106
54 107
54 108
54 109
54 110
54 111
54 112
54 113
54 114
54 115
54 116
54 117
54 118
54 119
54 120
54 121
54 122
54 123
54 124
54 125
54 126
54 127
54 128
54 129
54 130
54 131
54 132
54 133
54 134
54 135
54 136
54 137
54 138
54 139
54 140
54 141
54 142
54 143
54 144
54 145
54 146
54 147
54 148
54 149
54 150
54 151
54 152
54 153
54 154
54 155
54 156
54 157
54 158
54 159
54 160
54 161
55 56
55 57
55 58
55 64
55 65
55 66
55 68
55 70
55 73
55 74
55 79
55 87
55 89
55 94
55 97
55 101
55 102
55 103
55 106
55 115
55 117
55 125
55 131
55 133
55 134
55 137
55 138
55 142
55 146
55 147
55 152
55 154
56 57
56 58
56 59
56 61
56 62
56 63
56 64
56 65
56 66
56 67
56 68
56 69
56 70
56 71
56 72
56 73
56 74
56 75
56 76
56 77
56 78
56 79
56 80
56 82
56 84
56 85
56 87
56 88
56 89
56 90
56 91
56 92
56 93
56 94
56 96
56 97
56 98
56 100
56 101
56 102
56 103
56 104
56 105
56 106
56 107
56 108
56 109
56 110
56 111
56 112
56 113
56 114
56 115
56 116
56 117
56 118
56 119
56 120
56 121
56 122
56 125
56 126
56 127
56 129
56 130
56 131
56 132
56 133
56 134
56 135
56 137
56 138
56 139
56 140
56 141
56 142
56 143
56 145
56 146
56 147
56 148
56 149
56 150
56 151
56 152
56 153
56 154
56 155
56 156
56 157
56 158
56 159
56 160
56 161
57 58
57 64
57 65
57 66
57 67
57 68
57 69
57 70
57 71
57 72
57 73
57 74
57 77
57 79
57 83
57 87
57 89
57 93
57 94
57 97
57 101
57 102
57 103
57 105
57 106
57 108
57 111
57 113
57 114
57 115
57 117
57 120
57 121
57 125
57 129
57 131
57 133
57 134
57 137
57 138
57 142
57 145
57 146
57 147
57 151
57 152
57 154
57 158
58 63
58 64
58 65
58 66
58 67
58 68
58 69
58 70
58 73
58 74
58 77
58 79
58 87
58 89
58 91
58 93
58 94
58 97
58 99
58 101
58 102
58 105
58 106
58 107
58 108
58 109
58 111
58 114
58 115
58 116
58 117
58 118
58 120
58 121
58 122
58 125
58 126
58 129
58 131
58 133
58 134
58 135
58 137
58 138
58 142
58 143
58 145
58 146
58 147
58 151
58 152
58 153
58 154
58 157
58 158
59 64
59 65
59 67
59 68
59 73
59 74
59 79
59 89
59 93
59 97
59 101
59 106
59 115
59 116
59 125
59 131
59 133
59 134
59 137
59 138
59 142
59 147
59 151
59 152
59 154
60 74
60 89
60 94
60 101
60 102
60 106
60 115
60 129
60 133
60 142
60 152
60 154
61 64
61 65
61 67
61 68
61 70
61 73
61 74
61 79
61 87
61 89
61 94
61 97
61 101
61 102
61 103
61 106
61 114
61 115
61 117
61 118
61 125
61 129
61 131
61 133
61 134
61 137
61 138
61 142
61 145
61 147
61 152
61 154
62 64
62 67
62 70
62 74
62 79
62 89
62 101
62 102
62 114
62 115
62 117
62 129
62 131
62 133
62 134
62 138
62 142
62 145
62 147
62 152
62 154
63 64
63 65
63 67
63 68
63 70
63 72
63 73
63 74
63 75
63 79
63 87
63 89
63 94
63 97
63 101
63 102
63 105
63 106
63 107
63 115
63 117
63 120
63 121
63 125
63 128
63 131
63 133
63 134
63 137
63 138
63 142
63 145
63 146
63 147
63 151
63 152
63 154
63 161
64 65
64 66
64 67
64 68
64 69
64 70
64 71
64 72
64 73
64 74
64 75
64 76
64 77
64 78
64 79
64 80
64 81
64 82
64 83
64 84
64 85
64 87
64 88
64 89
64 90
64 91
64 92
64 93
64 94
64 96
64 97
64 98
64 99
64 100
64 101
64 102
64 103
64 104
64 105
64 106
64 107
64 108
64 109
64 110
64 111
64 112
64 113
64 114
64 115
64 116
64 117
64 118
64 119
64 120
64 121
64 122
64 124
64 125
64 127
64 128
64 129
64 131
64 132
64 133
64 134
64 135
64 136
64 137
64 138
64 139
64 140
64 141
64 142
64 143
64 144
64 145
64 146
64 147
64 148
64 149
64 150
64 151
64 152
64 153
64 154
64 155
64 156
64 157
64 158
64 159
64 160
64 161
65 66
65 67
65 68
65 69
65 70
65 71
65 72
65 73
65 74
65 75
65 76
65 77
65 78
65 79
65 80
65 82
65 83
65 84
65 85
65 86
65 87
65 88
65 89
65 91
65 92
65 93
65 94
65 95
65 96
65 97
65 98
65 99
65 101
65 102
65 103
65 104
65 105
65 106
65 107
65 108
65 109
65 110
65 111
65 112
65 113
65 114
65 115
65 116
65 117
65 118
65 120
65 121
65 122
65 124
65 125
65 126
65 129
65 130
65 131
65 133
65 134
65 135
65 136
65 137
65 138
65 139
65 140
65 141
65 142
65 143
65 145
65 146
65 147
65 148
65 149
65 150
65 151
65 152
65 153
65 154
65 155
65 156
65 157
65 158
65 159
65 160
65 161
66 67
66 68
66 69
66 70
66 71
66 72
66 73
66 74
66 76
66 79
66 84
66 85
66 87
66 88
66 89
66 93
66 94
66 96
66 97
66 99
66 100
66 101
66 102
66 105
66 106
66 107
66 108
66 111
66 112
66 113
66 114
66 115
66 117
66 118
66 120
66 121
66 122
66 125
66 129
66 131
66 133
66 134
66 135
66 137
66 138
66 139
66 140
66 141
66 142
66 145
66 146
66 147
66 149
66 151
66 152
66 153
66 154
66 157
66 159
66 160
66 161
67 68
67 69
67 70
67 71
67 72
67 73
67 74
67 75
67 76
67 77
67 79
67 80
67 82
67 83
67 84
67 85
67 86
67 87
67 88
67 89
67 90
67 91
67 93
67 94
67 95
67 97
67 98
67 100
67 101
67 102
67 103
67 104
67 105
67 106
67 107
67 108
67 109
67 110
67 111
67 112
67 113
67 114
67 115
67 116
67 117
67 118
67 119
67 120
67 121
67 122
67 125
67 128
67 129
67 130
67 131
67 132
67 133
67 134
67 135
67 136
67 137
67 138
67 139
67 141
67 142
67 143
67 145
67 146
67 147
67 149
67 150
67 151
67 152
67 153
67 154
67 155
67 156
67 157
67 158
67 159
67 160
67 161
68 69
68 70
68 71
68 72
68 73
68 74
68 75
68 77
68 79
68 80
68 81
68 83
68 84
68 86
68 87
68 88
68 89
68 91
68 93
68 94
68 97
68 98
68 99
68 100
68 101
68 102
68 103
68 104
68 105
68 106
68 107
68 108
68 109
68 110
68 111
68 112
68 114
68 115
68 116
68 117
68 120
68 121
68 122
68 124
68 125
68 126
68 129
68 130
68 131
68 133
68 134
68 135
68 136
68 137
68 138
68 139
68 140
68 141
68 142
68 143
68 145
68 146
68 147
68 148
68 151
68 152
68 153
68 154
68 156
68 157
68 158
68 161
69 70
69 72
69 73
69 74
69 79
69 84
69 87
69 89
69 93
69 94
69 98
69 101
69 102
69 106
69 111
69 115
69 117
69 118
69 125
69 129
69 131
69 133
69 134
69 137
69 138
69 142
69 146
69 147
69 151
69 152
69 153
69 154
69 160
70 71
70 72
70 73
70 74
70 75
70 77
70 78
70 79
70 80
70 81
70 82
70 83
70 84
70 85
70 86
70 87
70 88
70 89
70 91
70 92
70 93
70 94
70 96
70 97
70 98
70 99
70 100
70 101
70 102
70 103
70 104
70 105
70 106
70 107
70 108
70 109
70 110
70 111
70 112
70 113
70 114
70 115
70 116
70 117
70 118
70 120
70 121
70 122
70 124
70 125
70 126
70 127
70 128
70 129
70 130
70 131
70 133
70 134
70 135
70 136
70 137
70 138
70 139
70 140
70 141
70 142
70 143
70 145
70 146
70 147
70 148
70 149
70 150
70 151
70 152
70 153
70 154
70 155
70 156
70 157
70 158
70 159
70 160
70 161
71 72
71 74
71 79
71 89
71 94
71 97
71 99
71 101
71 102
71 103
71 106
71 107
71 109
71 111
71 115
71 117
71 125
71 129
71 131
71 133
71 137
71 138
71 142
71 145
71 146
71 147
71 152
71 154
72 73
72 74
72 75
72 79
72 82
72 89
72 93
72 97
72 99
72 101
72 102
72 103
72 106
72 107
72 108
72 112
72 115
72 117
72 118
72 125
72 131
72 133
72 134
72 137
72 138
72 142
72 145
72 146
72 147
72 151
72 152
72 154
73 74
73 75
73 79
73 84
73 85
73 87
73 88
73 89
73 91
73 92
73 93
73 94
73 97
73 98
73 99
73 100
73 101
73 102
73 103
73 106
73 107
73 108
73 113
73 114
73 115
73 116
73 117
73 118
73 120
73 121
73 122
73 125
73 128
73 129
73 130
73 131
73 133
73 134
73 135
73 137
73 138
73 139
73 141
73 142
73 144
73 145
73 146
73 147
73 149
73 150
73 151
73 152
73 153
73 154
73 157
73 159
73 160
74 75
74 76
74 77
74 78
74 79
74 80
74 81
74 82
74 83
74 84
74 85
74 86
74 87
74 88
74 89
74 90
74 91
74 92
74 93
74 94
74 95
74 96
74 97
74 98
74 99
74 100
74 101
74 102
74 103
74 104
74 105
74 106
74 107
74 108
74 109
74 110
74 111
74 112
74 113
74 114
74 115
74 116
74 117
74 118
74 119
74 120
74 121
74 122
74 124
74 125
74 126
74 127
74 128
74 129
74 130
74 131
74 132
74 133
74 134
74 135
74 136
74 137
74 138
74 139
74 140
74 141
74 142
74 143
74 144
74 145
74 146
74 147
74 148
74 149
74 150
74 151
74 152
74 153
74 154
74 155
74 156
74 157
74 158
74 159
74 160
74 161
75 79
75 85
75 87
75 89
75 93
75 94
75 97
75 101
75 102
75 106
75 107
75 111
75 112
75 115
75 125
75 129
75 131
75 133
75 134
75 137
75 138
75 142
75 146
75 147
75 152
75 154
76 89
76 101
76 102
76 115
76 125
76 129
76 133
76 138
76 152
76 154
77 79
77 87
77 89
77 97
77 101
77 102
77 103
77 106
77 107
77 108
77 111
77 114
77 115
77 117
77 120
77 122
77 125
77 131
77 133
77 134
77 137
77 138
77 142
77 145
77 146
77 147
77 152
77 154
78 89
78 101
78 106
78 133
78 137
78 138
78 142
78 147
78 152
78 154
79 80
79 82
79 83
79 84
79 85
79 86
79 87
79 88
79 89
79 90
79 91
79 92
79 93
79 94
79 95
79 96
79 97
79 98
79 99
79 100
79 101
79 102
79 103
79 104
79 105
79 106
79 107
79 108
79 109
79 110
79 111
79 112
79 113
79 114
79 115
79 116
79 117
79 118
79 119
79 120
79 121
79 122
79 125
79 127
79 128
79 129
79 130
79 131
79 133
79 134
79 135
79 136
79 137
79 138
79 139
79 140
79 141
79 142
79 143
79 144
79 145
79 146
79 147
79 148
79 149
79 150
79 151
79 152
79 153
79 154
79 155
79 156
79 157
79 159
79 160
79 161
80 87
80 89
80 94
80 101
80 102
80 106
80 115
80 117
80 125
80 129
80 131
80 133
80 137
80 138
80 142
80 145
80 146
80 147
80 151
80 152
80 154
81 89
81 93
81 94
81 101
81 106
81 115
81 129
81 131
81 133
81 142
81 147
81 152
81 154
82 85
82 93
82 97
82 101
82 102
82 106
82 115
82 121
82 125
82 131
82 133
82 137
82 138
82 142
82 146
82 152
82 154
83 89
83 101
83 102
83 106
83 115
83 117
83 121
83 129
83 131
83 133
83 134
83 137
83 138
83 142
83 147
83 152
83 154
84 89
84 93
84 94
84 97
84 101
84 102
84 106
84 109
84 111
84 115
84 117
84 118
84 125
84 129
84 131
84 133
84 137
84 138
84 142
84 145
84 146
84 147
84 152
84 154
85 89
85 101
85 102
85 106
85 115
85 117
85 125
85 129
85 131
85 133
85 134
85 137
85 138
85 142
85 147
85 151
85 152
85 154
86 87
86 89
86 93
86 97
86 101
86 106
86 115
86 125
86 131
86 133
86 137
86 138
86 142
86 147
86 151
86 152
86 154
87 88
87 89
87 94
87 97
87 99
87 101
87 102
87 103
87 106
87 107
87 108
87 109
87 111
87 112
87 113
87 114
87 115
87 117
87 119
87 120
87 121
87 122
87 125
87 129
87 131
87 133
87 134
87 137
87 138
87 139
87 142
87 145
87 146
87 147
87 151
87 152
87 153
87 154
87 156
87 158
87 161
88 89
88 94
88 97
88 101
88 106
88 117
88 125
88 129
88 131
88 133
88 134
88 137
88 138
88 142
88 146
88 147
88 154
89 90
89 92
89 93
89 94
89 95
89 97
89 99
89 100
89 101
89 102
89 103
89 105
89 106
89 107
89 108
89 109
89 110
89 111
89 112
89 113
89 114
89 115
89 116
89 117
89 118
89 120
89 121
89 122
89 125
89 126
89 128
89 129
89 130
89 131
89 132
89 133
89 134
89 135
89 136
89 137
89 138
89 139
89 141
89 142
89 143
89 145
89 146
89 147
89 148
89 149
89 150
89 151
89 152
89 153
89 154
89 155
89 156
89 157
89 158
89 159
89 160
89 161
90 101
90 106
90 115
90 131
90 133
90 137
90 138
90 147
90 151
90 152
90 154
91 94
91 97
91 101
91 102
91 105
91 106
91 115
91 117
91 133
91 137
91 138
91 142
91 146
91 147
91 151
91 152
91 154
92 94
92 101
92 102
92 106
92 115
92 117
92 125
92 129
92 131
92 133
92 137
92 138
92 142
92 145
92 147
92 152
93 94
93 96
93 97
93 98
93 101
93 102
93 103
93 105
93 106
93 107
93 108
93 110
93 111
93 112
93 113
93 114
93 115
93 116
93 117
93 118
93 120
93 121
93 125
93 126
93 128
93 129
93 131
93 133
93 134
93 137
93 138
93 141
93 142
93 145
93 146
93 147
93 150
93 151
93 152
93 154
93 157
93 161
94 96
94 97
94 99
94 100
94 101
94 102
94 103
94 104
94 105
94 106
94 107
94 108
94 109
94 110
94 111
94 112
94 113
94 114
94 115
94 116
94 117
94 118
94 119
94 121
94 122
94 124
94 125
94 126
94 128
94 129
94 131
94 132
94 133
94 134
94 135
94 136
94 137
94 138
94 141
94 142
94 144
94 145
94 146
94 147
94 149
94 150
94 151
94 152
94 153
94 154
94 157
94 158
94 159
94 160
94 161
95 97
95 101
95 115
95 121
95 125
95 129
95 131
95 133
95 137
95 138
95 142
95 147
95 152
95 154
96 97
96 101
96 106
96 115
96 125
96 131
96 133
96 137
96 138
96 142
96 146
96 152
96 154
97 98
97 101
97 102
97 103
97 105
97 106
97 107
97 109
97 111
97 112
97 113
97 114
97 115
97 116
97 117
97 118
97 119
97 120
97 121
97 122
97 125
97 126
97 127
97 129
97 131
97 132
97 133
97 134
97 135
97 137
97 138
97 139
97 140
97 141
97 142
97 145
97 146
97 147
97 148
97 150
97 151
97 152
97 153
97 154
97 156
97 157
97 158
97 159
97 160
97 161
98 101
98 106
98 115
98 117
98 125
98 131
98 133
98 134
98 137
98 138
98 142
98 146
98 147
98 152
98 154
99 101
99 102
99 106
99 112
99 115
99 117
99 125
99 131
99 133
99 134
99 137
99 138
99 142
99 147
99 152
99 154
100 101
100 102
100 106
100 115
100 117
100 121
100 122
100 125
100 129
100 131
100 133
100 134
100 137
100 138
100 142
100 145
100 147
100 151
100 152
100 154
101 102
101 103
101 104
101 105
101 106
101 107
101 108
101 109
101 110
101 111
101 112
101 113
101 114
101 115
101 116
101 117
101 118
101 119
101 120
101 121
101 122
101 123
101 124
101 125
101 126
101 127
101 128
101 129
101 130
101 131
101 132
101 133
101 134
101 135
101 136
101 137
101 138
101 139
101 140
101 141
101 142
101 143
101 144
101 145
101 146
101 147
101 148
101 149
101 150
101 151
101 152
101 153
101 154
101 155
101 156
101 158
101 159
101 160
101 161
102 103
102 104
102 105
102 106
102 107
102 108
102 109
102 111
102 112
102 113
102 114
102 115
102 116
102 117
102 118
102 120
102 121
102 122
102 123
102 125
102 126
102 129
102 131
102 132
102 133
102 134
102 135
102 136
102 137
102 138
102 139
102 140
102 142
102 145
102 146
102 147
102 148
102 149
102 150
102 151
102 152
102 153
102 154
102 156
102 157
102 158
102 159
102 161
103 106
103 107
103 108
103 109
103 110
103 111
103 112
103 114
103 115
103 117
103 120
103 122
103 125
103 126
103 129
103 131
103 133
103 134
103 135
103 136
103 137
103 138
103 142
103 145
103 146
103 147
103 149
103 151
103 152
103 154
103 156
103 157
104 106
104 115
104 125
104 129
104 133
104 137
104 138
104 142
104 151
104 152
104 154
105 106
105 115
105 117
105 118
105 120
105 125
105 131
105 133
105 134
105 137
105 138
105 139
105 142
105 146
105 147
105 150
105 152
105 154
106 107
106 108
106 109
106 110
106 111
106 112
106 113
106 114
106 115
106 116
106 117
106 118
106 119
106 120
106 121
106 122
106 123
106 125
106 128
106 129
106 131
106 133
106 134
106 135
106 136
106 137
106 138
106 139
106 140
106 141
106 142
106 145
106 146
106 147
106 149
106 151
106 152
106 153
106 154
106 156
106 157
106 158
106 159
106 160
106 161
107 108
107 111
107 113
107 115
107 117
107 118
107 120
107 121
107 122
107 125
107 129
107 131
107 133
107 134
107 137
107 138
107 139
107 141
107 142
107 145
107 146
107 147
107 149
107 151
107 152
107 154
107 157
107 158
107 159
108 109
108 115
108 117
108 122
108 125
108 129
108 131
108 133
108 134
108 135
108 137
108 138
108 142
108 145
108 146
108 151
108 152
108 154
108 161
109 111
109 115
109 117
109 125
109 129
109 131
109 133
109 134
109 137
109 138
109 142
109 146
109 147
109 151
109 152
109 154
109 158
109 160
109 161
110 115
110 117
110 125
110 133
110 137
110 138
110 142
110 147
110 151
110 152
110 154
111 114
111 115
111 118
111 121
111 122
111 125
111 129
111 131
111 133
111 134
111 135
111 137
111 138
111 139
111 142
111 145
111 147
111 151
111 152
111 154
111 157
111 159
112 115
112 117
112 122
112 125
112 131
112 133
112 134
112 137
112 138
112 142
112 145
112 146
112 147
112 151
112 152
112 154
113 115
113 117
113 121
113 122
113 125
113 129
113 131
113 133
113 134
113 137
113 138
113 142
113 145
113 146
113 147
113 151
113 152
113 153
113 154
114 115
114 117
114 121
114 122
114 125
114 129
114 131
114 133
114 134
114 137
114 138
114 142
114 146
114 147
114 152
114 154
115 116
115 117
115 118
115 119
115 120
115 121
115 122
115 124
115 125
115 126
115 128
115 129
115 130
115 131
115 133
115 134
115 135
115 137
115 138
115 139
115 141
115 142
115 143
115 144
115 145
115 146
115 147
115 149
115 150
115 151
115 152
115 153
115 154
115 155
115 156
115 157
115 158
115 159
115 160
115 161
116 125
116 129
116 131
116 133
116 134
116 137
116 138
116 142
116 147
116 152
116 154
117 118
117 120
117 121
117 122
117 125
117 126
117 128
117 129
117 130
117 131
117 133
117 134
117 135
117 137
117 138
117 139
117 141
117 142
117 143
117 145
117 146
117 147
117 149
117 150
117 151
117 152
117 153
117 154
117 155
117 156
117 157
117 158
117 160
117 161
118 120
118 125
118 129
118 131
118 133
118 134
118 137
118 138
118 142
118 146
118 147
118 151
118 152
118 154
119 131
119 133
119 137
119 138
119 139
119 142
119 152
119 154
120 121
120 122
120 125
120 129
120 131
120 133
120 134
120 136
120 137
120 138
120 142
120 146
120 147
120 149
120 151
120 152
120 154
120 157
120 158
120 160
121 122
121 125
121 129
121 131
121 133
121 134
121 137
121 138
121 142
121 145
121 146
121 147
121 150
121 151
121 152
121 153
121 154
122 125
122 129
122 131
122 133
122 137
122 138
122 142
122 145
122 146
122 147
122 151
122 152
122 154
123 133
123 137
123 138
123 152
123 154
124 125
124 129
124 131
124 138
124 152
124 154
125 126
125 127
125 128
125 129
125 131
125 133
125 134
125 135
125 137
125 138
125 139
125 141
125 142
125 143
125 145
125 146
125 147
125 149
125 151
125 152
125 153
125 154
125 155
125 156
125 157
125 158
125 159
125 161
126 131
126 133
126 137
126 138
126 142
126 146
126 147
126 151
126 152
126 154
127 131
127 133
127 137
127 138
127 142
127 145
127 146
127 152
127 154
128 129
128 131
128 133
128 134
128 137
128 138
128 142
128 152
128 154
129 131
129 133
129 134
129 135
129 136
129 137
129 138
129 139
129 141
129 142
129 145
129 146
129 147
129 149
129 151
129 152
129 153
129 154
129 155
129 157
129 159
129 160
129 161
130 131
130 133
130 137
130 138
130 142
130 145
130 147
130 152
130 154
131 132
131 133
131 134
131 135
131 136
131 137
131 138
131 139
131 140
131 141
131 142
131 145
131 146
131 147
131 148
131 149
131 150
131 151
131 152
131 153
131 154
131 155
131 157
131 159
131 160
131 161
132 133
132 134
132 137
132 138
132 142
132 147
132 152
132 154
133 134
133 135
133 136
133 137
133 138
133 139
133 140
133 141
133 142
133 143
133 144
133 145
133 146
133 147
133 148
133 149
133 150
133 151
133 152
133 153
133 154
133 155
133 156
133 157
133 158
133 159
133 160
133 161
134 135
134 137
134 138
134 142
134 143
134 145
134 146
134 147
134 151
134 152
134 154
134 158
134 160
134 161
135 137
135 138
135 142
135 146
135 147
135 152
135 154
136 137
136 138
136 142
136 145
136 146
136 147
136 152
136 154
136 159
137 138
137 139
137 140
137 141
137 142
137 143
137 144
137 145
137 146
137 147
137 148
137 149
137 150
137 151
137 152
137 153
137 154
137 155
137 156
137 157
137 158
137 159
137 160
137 161
138 139
138 140
138 141
138 142
138 143
138 144
138 145
138 146
138 147
138 148
138 149
138 150
138 151
138 152
138 153
138 154
138 155
138 156
138 157
138 158
138 159
138 160
138 161
139 142
139 145
139 147
139 151
139 152
139 154
140 142
140 146
140 152
140 154
141 142
141 147
141 151
141 152
141 153
141 154
142 143
142 144
142 145
142 146
142 147
142 148
142 149
142 150
142 151
142 152
142 153
142 154
142 155
142 156
142 157
142 158
142 159
142 160
142 161
143 146
143 147
143 152
143 154
144 154
145 146
145 147
145 151
145 152
145 153
145 154
145 157
145 159
146 147
146 149
146 151
146 152
146 153
146 154
146 157
146 158
146 159
146 160
146 161
147 148
147 149
147 150
147 151
147 152
147 153
147 154
147 156
147 157
147 158
147 159
147 160
147 161
148 151
148 152
148 154
149 151
149 152
149 154
150 152
150 154
151 152
151 153
151 154
151 157
151 159
152 153
152 154
152 155
152 156
152 157
152 158
152 159
152 160
152 161
153 154
154 155
154 156
154 157
154 158
154 159
154 160
154 161
156 161
